5.060341377600415	-2.9441928234186774
-2.0745516158312833	0.7490183945767767
0.5966051662634222	0.8912124114450867
-1.9940851904140136	0.15608319503449872
3.743119331928351	-4.359417955899827
-1.7119237921308526	2.4688713669733784
-0.5701881602424353	-0.6653926867465402
-0.9369794566523799	2.415735178434179
0.009431520916510647	2.193991245549285
0.7563418673215575	-0.6814577754418938
-2.2791089545630197	0.2721297096766582
0.589222575213688	0.20356135826298968
-2.47791834702671	0.24556971467790764
3.902925531136866	-2.682308717171119
-2.5426874676991877	-0.018247788339031547
-1.0675889385034418	1.1808835232220256
3.4281693980574284	0.4567155376370324
0.48498191743965446	-1.3761615687773348
2.144311278842339	-2.461973868661876
-3.518777859826949	2.824417100399945
