-1.711678520336033	1.044581460559518	-0.6191046948624629	-0.22162753413053365	-0.9483072828922757	0.2747536593791123	0.6705654498823744	0.30816682899835746	0.8033711906705764	0.6495051415151364	-0.12132065943210407	-0.20167715911993034	1.17900252824905	-0.30641373169250896	-0.13296383337671308	1.0776512595470393	-1.2810549010922565	-0.2763702610504549	-0.43390006689919	0.9618151521126757
-2.0293890411710747	0.14603143931011922	-0.3210244917441219	0.1026393194337378	-2.002342571726221	0.7405601773294733	0.9176433059101873	0.8398672903510376	-0.7046045710055955	-0.6670626783673218	0.10126635354114479	0.7188757545120682	0.6761846811051031	-0.3680310017962131	0.41894965167339104	0.6966938261636866	-1.8369516751460557	-1.298641238529664	-0.7418016313983482	0.7269082682910887
-2.06204405288588	0.7866932129278861	0.29926973624206105	0.43911393288491085	-1.6543254516696457	0.11606795402259866	0.5597595821768475	-0.651026627716564	0.5448932713394735	-0.009122424780216682	-0.016885782068201252	-0.021227112760932396	0.9376427827621988	-1.5327989962857338	0.273581587715892	-0.07344461440127599	-0.2996542000650141	-0.11492339935454529	-0.2964831501574919	1.2174996412981915
-0.3283601049732281	1.061125174883908	0.1562625490270236	-0.6241884198255472	-0.6240403896227307	1.775572090981701	0.11931529162250257	1.372445140131468	0.08672268439703609	-0.5326435095849126	1.494969912780473	0.1883179645006498	0.8520324541374832	-1.5114249642359268	-0.8263468928710355	0.7608867635343781	-0.45233671036490264	-0.3864654420342823	-1.5380393803311196	1.3642649362179917
-1.2370846202517445	0.4004202025871098	0.5080182054776511	0.9177606852007476	-2.485643025946	1.4781118216785654	0.8777157186126072	-0.6548094260607472	0.7775990217973389	0.11725797013207427	-0.40662010420566963	-0.6263178878070598	1.4557533304738013	-0.32867375465291276	-0.27544003032366615	0.15240113394855048	-1.3037432083381677	0.3288420761416049	0.5335228273373485	1.1476642631862168
-0.3703211104030697	0.18799142094554652	0.22882588989785044	-0.35470618910275636	-0.9536273048180912	1.043830577066871	-0.3961752829490237	1.1093440701384745	0.5426951026578063	0.4379172250766331	-0.8148991444494931	0.40249293586585655	0.11095026524744124	-2.124538009195307	0.6687020077964417	0.16596884415725563	-0.7278196795622465	0.4938938748448181	-0.102035359019749	1.3787295643845758
-0.03808669507612497	0.2125175780198803	-0.3038248352725186	0.07704599858211286	-0.33841468149208076	1.6368040558568373	-0.47696883388910905	-0.455115245945534	-1.011008809322671	-0.9993755126428974	-0.8283214609273231	0.6180736765357435	0.19933947546626754	-1.0107449560563104	1.0040059700559985	0.41814201579736693	0.2453788071124324	0.48104438485767864	-0.7363658311119176	1.466918482250552
0.10392225574763773	-0.13050158792295596	-0.8168217927495719	0.2925851813090943	-0.24799186976679574	1.1425393881198393	-0.44282551406785325	-0.2957920281513488	-0.8948186987430505	-1.2002760160471824	-0.0852977010421721	-0.7800735836297459	-0.31787899683749055	-0.592733872197225	0.9110426095092155	-1.0890939257313026	-1.6125578492905632	0.4316743991205884	-0.18498709061835308	1.331979735158053
0.5131346203053462	0.5142426713610819	0.14398723961989238	-0.211026100597522	-0.7478728660588464	0.8029445032981725	-0.22137977463629152	0.9591574431779952	-0.057770079761091796	0.6028202272235911	0.8962936913733409	0.015839031529883744	0.07069287796579332	-0.7796435085635987	-0.9517385969043026	-1.0658244535211716	-0.5204514709825011	-0.07816326704581271	-0.25582736345757134	-0.7356915465533366
-0.1087048591294854	1.0401278452988032	-0.7483978739493505	-0.5992443267262302	-1.9430617464678002	0.43327260072323603	0.7097456323564311	0.7330902842009364	-0.40079247128406964	-0.17342461257577385	0.37387559833702977	0.1825596137850874	0.3275835456952192	0.08489554891300846	-0.7704248694377742	0.06699350588533118	0.6716662647868418	0.6428209248379692	-0.47204907184985145	-0.722316768327271
-0.7487024106135368	-0.7596150281501682	0.6209088850458411	0.5727034590312775	-0.8694108931462694	0.235499034556382	-0.5463198493425958	0.8118838535135877	0.08275335209037697	-0.6186391256401645	-0.0438380053931097	0.13592232985042696	-0.7960210120387566	-0.9781645734831615	0.7177636477256856	-0.01672886058449312	-0.7586369036855952	-0.3255218495589999	-0.7685125133968995	0.004342514614428768
-1.1219532492686095	-0.6333483010210614	0.717472689791449	-0.7330894295912953	-1.1363837083859805	1.1584246830524851	1.009607810775297	0.898436541756936	-0.7669816738788734	-0.46507034208373565	0.4365215562563951	0.6931948283729571	0.6133939345061984	-1.6361381953328573	0.5526115432124302	0.7568510394193053	0.5932250684566369	0.45186191773637513	0.6515540145935126	-0.3308369524808553
-0.7129774738939689	0.357268646528305	-0.8973258719108823	-1.1298171600350257	-0.0589334503633721	1.173706756378476	0.20442475455293205	0.26247796067987306	0.4875750625092798	-0.7686883472187204	1.0182290667006737	0.41294667748710756	0.7855889631565817	-0.8767019540007064	0.6222155059247225	-1.3721458537143196	-1.1290874998544327	-0.3110439206245179	1.1128859585422974	0.35054258137716887
1.3455926815476575	-0.4366778799988153	-0.47737474399649105	-0.9392557832614622	-1.4113297167954255	-0.7830192162036447	-0.4770728551721046	-0.8567571291563819	-1.2738590624225694	0.40735456552147736	0.7027673094768819	-0.43415484933978177	-0.8538793778741923	0.3902957621205324	-1.120478800939292	0.4348714481076589	0.6198595815239373	-0.10773217758121136	0.8304781175168588	-1.248800663717548
0.40280641246171417	0.4474475257375326	0.8539392499587811	-1.0302599974717803	-1.8397611978165016	-1.0358889683020112	0.7998856531661244	-0.5047061118128912	0.08898380878367905	-0.3884646145391029	-0.1381074732530944	-0.2595554042641925	-0.6756016249794887	-0.4042155144593725	-0.8742089372300419	0.39330065490357585	0.41494239139386685	-0.8438418228279965	1.0784273756421459	0.061261924060450945
-0.022484364777669325	-0.6500253739231463	-1.1921573746828995	-0.7635797101179826	-1.589716352183632	-0.956224391054209	0.11316800932355622	-0.11434129884891314	-0.45509788457890793	0.008826858845489553	0.4675019716999689	-0.7224372915505058	-1.2464876276359698	-0.41978604733664154	-0.837775034716872	0.22251212250515195	0.20760159367415618	0.5410664941270524	0.676359560181551	-0.549235812684774
1.2792000060576336	-1.1678450996882677	0.4909823338100217	0.18706497723942297	-0.18138956576947013	-0.12856192423780125	-1.0717134735945524	-0.22844791493545197	0.8014939575179914	-0.004738174153747442	0.23782972436774724	0.0010846065404175776	-0.7804762179165875	0.36805249876700624	-0.6192026250292042	-0.018003261074266027	0.475222370866718	-0.9342221865547808	0.12019060505358617	-0.24434134961789492
1.0152766979828438	-1.3239961960550264	-1.0812884230703326	-0.4249814412405959	0.5406451088295086	-0.5423953492173976	0.6831456804996254	0.03998734935884512	-0.9397906638035788	0.5437558983371472	0.3357950275458041	0.5796183674619584	0.059588193157222115	0.7011335325477552	-1.157173797935854	-0.48966835379478996	0.1555465855481385	-0.8674434652582634	0.7148929308423313	0.2825395793700151
0.34350860563696217	-0.8034900740527388	0.3309612064080444	-0.5423741697657489	0.339702134550834	0.7487645622421851	-0.599168307868841	0.06597501567765839	0.30512192802020555	0.4731698572808345	-1.1676451799498158	-1.4003318967616272	-1.08265864892174	0.2971519257644565	-0.7816331269051587	0.10988490358367477	-1.0299587004681907	0.11030483002580145	-0.9039385689187145	-1.0332695774758769
-0.18507258904942522	0.36359580051411483	-0.04475507874723292	-0.6379351319858715	-1.2668131925714678	-0.8412173361481	0.03955101487732617	-0.6258355869288391	-0.25520693782312387	-0.8454510939307901	0.4591098112493745	-0.4063430559000595	0.023681682567812008	-0.4395121603863192	-1.0799098907995304	-1.3896782002766157	-0.2142664929110111	-0.17239446966848	-0.10619609897709859	-0.6910664602619842
-0.5011042559337917	-0.1947187355337883	0.302376752865154	0.5129004572859606	-1.6162477315388757	-0.1184717736078478	0.8176752332846619	0.028587976322838656	0.07656673981745364	-0.49399282536819833	0.2109160915146552	0.49876836546094466	-1.319672435834132	0.3413950113630686	-0.7765932248437899	-1.5177499527506404	-0.2304513269277531	0.3977898686899148	0.892506657205971	0.6342651304523144
0.7840178969146704	0.4588638898061359	0.5470551405012384	-0.9778247419305013	-0.41752341180764774	0.4469653630263878	-0.35197888463545784	-0.5189780539024778	-0.909207909839309	0.05994875015598081	-1.3239468282099718	-1.1734774467132776	-1.1237725147303896	-0.6016392006762963	-0.0581716756102416	0.004119654714789677	-0.6358190880721861	0.40657523545755286	-0.044570974915013904	-1.4498620184537674
1.264067514617301	-0.6629241593543715	-0.47240093923689624	0.4679227345313945	-0.379747072990674	-0.842220658377542	-0.03745755750234612	-0.06684714905451143	0.5903324864116443	-0.01629912552437622	-1.0368169720796292	-0.9596069051958374	0.47124876762424756	0.675443785221368	0.47083681104385927	-0.8708610060963816	-1.119343928753384	0.8004830474996216	0.6731624638451439	-1.5864043203527638
-0.18310270183175856	-0.41497781505901304	0.7841225465585479	0.44897922787703476	0.6859978667910984	0.4202750410662533	-0.5768035880594863	0.07989690650143229	-0.438176452976509	1.0098868290564398	-1.3149836793889453	0.7676118215959039	-0.38950217888250394	0.7272353830916245	-0.08915512253565333	0.6211663424098376	0.5601250121562253	-0.9002561457152307	-0.19361394724731798	0.2923209164764403
0.9768004517277243	-1.2345122320820836	0.4521776163305512	-0.5126974318524327	0.35715288241713755	-1.019829754243684	-0.06567841106470958	-0.9075451362952518	0.7357479769937699	-0.5927389651127192	0.1229479288707194	-1.2644172893405325	-1.1732459825472825	0.29945306334790306	0.13028477287454182	-0.5817377353423792	1.0173409509290035	-0.032093707330814396	1.0860564265988681	0.07279772950986393
0.5997783558132126	-1.1799985304773417	0.8403549765458459	0.852177236912692	0.8515397090174613	-0.5628488146226915	0.8854442892304218	-0.23816540401284447	-0.8456499545080637	-0.35987620153829725	-0.3154987668425487	-1.3083066639792724	-1.3786508346733997	1.039941490069168	-0.8863993363354757	0.6534230971942412	-1.0590242541080201	-0.996357041848952	-0.044109938437085675	-0.8432358537881992
0.27649154591801384	0.07905256381066773	-0.667487820196254	-0.9281656620513502	-0.5430953891044236	-0.47408378638823534	-0.06460664542304775	-1.4307580037982204	0.27005481073620413	0.13422516817946945	0.6732674321303108	-0.09960867323272103	-0.4282122060169277	-0.21093261976147892	-0.026169233431086632	-1.0478332074186256	0.8408417771520722	0.6083185053286532	1.5379254046913535	-0.23517728272619948
-0.228302091439448	-0.7133786145990474	-1.2342096760646204	-0.8121779381648971	0.12876095863272433	-0.7930931949821339	0.5820952751729331	0.6156213841994945	0.4312495931296526	-0.45796714386498244	-0.011797340683063451	0.5279457052818212	0.3784570585419714	-0.7072773553104652	0.14047820611589967	0.5604370469521026	1.2043832642605632	0.5170301503508272	0.013038729655000128	0.07551474447440872
0.934325602659837	-1.4644860810652653	-0.3432266765228787	-0.8270670466871628	1.1251356522026545	-1.0610624351022764	0.17788610823221818	-0.17300749431908563	-0.5811667880084501	-0.053079889248427464	-0.915607102731093	-0.18678670662862903	-1.4571268869511054	0.7505725065392571	-0.07924838879617349	-1.0052597066460092	-0.9427298842020815	0.20486006816372998	0.14192873416235677	0.26966982902128983
0.9301740126530438	-0.26152245894378023	0.05691555009640675	0.31140852978433087	0.06248483029229367	-1.6906879118842102	-0.9326630215725529	0.3534242833746883	0.15651638335800439	0.41202031029643965	-1.4178962832335595	-0.3477755030886632	-1.6607417884244946	-0.552832966801607	0.4365448423715741	-1.0439829326722015e-05	1.280181869163992	-1.0744077350029522	0.28693917800060664	-0.8659586483549869
-0.030300179196049274	-0.32514234194649116	-1.1151048417907454	-0.6653571855336029	0.2524021266325735	-0.28055227422692425	-1.0093275809281443	0.5075309873556015	-0.1875763593201392	0.6859080128668865	-1.1061835299440224	0.6001376650831018	-1.2225715476092485	0.9473711076501736	-0.9946019567511941	0.24857591802277146	0.04752910397425888	0.8139852375906592	0.9695497084867947	-1.8043476206581164
1.6400483079865653	-0.4585671722863133	-0.9151324904875338	-0.8324138826212537	-0.3210425257666906	-0.7738415108803489	-0.6131894057113294	0.7100978879859463	0.218552082813139	0.09460349097362028	-1.2845980404095185	0.4585294463981868	0.11908525699031638	0.292497230651367	-0.4670744042259311	-0.7171187690262998	-0.18192167040471344	0.195599359892684	0.9070909459724015	-0.15643953151036302
0.5691258873188363	-0.3366497832217608	0.5164598951450482	0.40535144582462834	1.5009505375296328	-1.6080299398624909	0.7837639132436078	0.021186849367252215	-0.054239793594305565	-0.3291908248089511	-0.4650325421457468	-0.240511142207034	0.49249034076772075	0.27455553630937674	-0.6180035230336962	-0.9548430962896641	1.1428298903442957	0.09480465215105456	1.367362266186359	-0.418526014727412
1.8288108336184656	-0.8570385958629536	0.5347914082737704	-1.2875723980758331	1.852960363961987	0.06229749254421358	-0.5271155511340543	-1.0912946155830303	-1.1965369075632473	0.47277921939834056	-0.2285849361934183	-0.21037080959774926	-1.556142714419217	-0.030030746284657007	-0.7873189138403179	0.36014397504316364	-0.6633048204331442	0.692855716242992	1.0963583302133317	-0.9383742277732373
1.2051560359778941	-0.5649931087091681	-0.13399400947997675	-0.23580575795589298	1.6432710820396175	-0.5105935947367586	-0.1433950380160247	0.31261363353060617	-0.8667126024569188	-0.7020063274739897	0.40207979601706295	0.4242844176407178	-0.9774210127269354	1.1396553281722746	-1.375358165418449	-0.006333362849332472	-0.9275200597452967	-0.8790909648685715	1.4782014696730619	-0.8698535966849374
1.610353781520711	0.057747594128965296	-0.8223429539109668	0.1980404960633666	0.6645006194545534	-1.5657969355534123	0.5238044960045918	-0.8016687007187822	-0.18403636449914468	-0.023942018986256506	-0.21246440781689538	-0.34238172750797513	-0.6475067760731779	1.4577648552100153	-0.45397201764784884	-0.1666166335361082	0.0007369789507664454	0.8582464814029976	0.723062641896483	-0.8919212698109154
1.3710412586516112	-0.0978813244121351	-1.4343727345380464	-0.4690324670024379	1.5330129582889787	-0.5557315237705732	-0.6070687692069341	-1.1454541779856455	-0.5352815904971874	-0.5977507268393263	-1.173643338543818	0.09846446150166538	-0.16681626445454537	0.9811360897740641	0.3546872876699165	-0.7179754204006209	0.4171004612914061	0.1686476068326367	1.493124016820761	-1.8388104726132435
1.3930536920921321	-0.7709960346366611	0.7377780833430518	0.14939219295683046	1.0922471619322303	-0.5325093172163711	0.5157797157396004	-0.5758038963876104	-0.6097321346396182	-0.4645310928269028	-0.05227104262820168	-0.898342244202226	-1.477780009625631	0.8983535714672158	-1.0950689322026577	-0.5688236985163178	1.261125502486339	0.08545089782834264	0.05352447693217017	-0.21437113467201588
0.12619456859926734	-0.7292927219459714	-0.6668708423320765	0.6517245138083366	1.451629132121289	-1.7682771371638617	-0.9829575533917577	-0.579172969098583	-0.18285838582719185	0.2557428168406172	-0.48008460814584925	-1.5030214685873038	-1.007583272911819	0.631673572699719	-0.7355260750046185	-1.7268969589984386	0.12057364648715391	0.15949466448781016	1.2518126814274904	-0.15540507132337159
0.7300888917369652	-1.5589756843437588	-0.8469357337794161	-0.5948503086670487	1.7496019263633236	-1.7048815434884819	0.7847141502797733	-0.95951210016077	-0.4813282509600916	0.8095819246786161	0.7560975114942282	0.39663226696120624	-0.7707453464566842	0.9801243163529101	-1.6890240139994386	-0.5267007799269596	0.6905434172770585	1.0010247582556444	0.804126380725496	-0.7922289398347975
0.6325733488977142	-0.7541023250986951	-0.3071155207685675	0.7013613813772651	0.6380747131149015	-0.9648941930917644	-0.5003326479616298	0.3852347948401045	-0.9400986203589049	0.6373751087971552	-0.49997965881895656	-1.338425567919324	-0.4329219968324533	1.6776203895915145	-1.28574851155495	0.17227249878453002	-0.08464350981505504	-0.6615772372816874	0.5296010985255616	-1.5912391076472792
0.5385332455120311	-0.759159216793598	0.47011921110091015	-0.5677789303657278	0.9143793417648162	-0.6092805820716045	0.08472540349696286	-1.081945823685546	-0.04181406769303944	0.1802697945153517	1.0207833355531755	0.22022819435083216	-0.22878673030715455	0.07329806146693829	-0.6535112827687437	-1.5345012342589506	-0.13165540402476	-0.7146864204485635	1.1875867978961043	-0.08465453906740537
0.31614948271857973	-0.06981603261729345	-1.1867481326051996	-0.3947900947226501	1.5906423811872559	-0.891800881650248	0.03687469966823941	-0.9109848817977444	-0.028359652759598203	0.8143265741566282	-0.11049904610738182	-1.1630497300802554	-0.3870035693967972	0.14613095781608967	0.48386173357996637	0.21980112416833358	0.16918117882559244	-0.9567377740692817	0.924386135654484	-0.8721142590938159
0.7644372303216437	-1.5035945926604495	-0.890776066452569	-0.07776700423005253	1.78420378363384	-1.043091808633004	-0.12686454242142065	0.7724158923269162	0.9140223910597906	-0.19169772115359954	-0.1790625288657569	0.04694098859381515	-1.7438525306058923	0.07868723603881927	0.503784116651345	0.27332038036761147	-0.3823599173043151	0.07388166880566228	0.7626295274637986	-0.2527242348367934
0.627750583684717	-0.23378270730104667	-1.2836272979532446	-0.6495959192644817	0.39732672007826475	0.17704356413845684	0.43656275159596475	-0.27409966871887187	-0.5763369302125472	-0.7014250196628116	0.996036608808731	-1.4213832687819452	-1.2115331580668078	0.6496519946678133	-0.48756886529060767	-0.2946139485150238	-0.6479673484664281	0.029304837254499182	0.9571341564311587	0.44097076708619387
-0.2660918852836922	0.385088034277584	-0.9892044459481043	-0.9190844246745159	0.864620266036635	-0.6535951147836739	0.37112055717571735	-0.33300234690920255	0.09257398083561709	0.43864625548982106	0.2276687105244509	-0.49517218986367373	-0.4282410296542283	0.7014644920875085	0.14789323405151913	-1.554266789383306	0.38720462027852864	0.45115853340599354	0.06315916467558856	-1.040391922900517
-0.48482397962403223	-0.7519620348135847	-0.0949564639696845	-0.9402809124940159	1.2265611365736921	-0.9079428270612699	-0.08508376154458516	-0.22044294751756963	0.17828617958250317	-0.6500345891444234	-0.043574192133879044	-0.8274937125708021	-0.966607861530592	0.3563644894580104	-1.099073802964853	-1.2169170189671819	0.7683400685455568	-0.6785460501725052	0.05928286447826575	0.30941753849403447
-1.4083545788164045	-1.0537963517611884	-0.382661328727581	-0.3176925217253801	0.05998123315910283	0.9952438843974256	-0.4603026565550364	0.3143106888041968	-0.9753743572977944	-0.3500536021164728	0.2465101061200795	-1.2449670469276009	0.06853523913112326	0.4714932594535172	0.5863086132585332	0.539996457994904	-0.4455117787252402	-0.2758151918707129	-0.3962191811271561	1.0749344104998186
-0.33589319801928	-0.14105064926717917	-1.0163503428213734	0.8187747602923472	0.22400659690577004	0.7480862062907718	0.43825849569119524	0.5686443149994759	0.8954698095652249	-0.37893013574710777	0.10190569681079274	-0.8014183964842871	-1.0318268372144288	0.1883518791159763	-0.06514455603508675	-0.6628757762238492	0.5164174566350512	0.8050025522572193	0.8429120006109335	0.07054697930058987
-1.6380077862497666	0.5191765500834921	-1.4444340276669165	0.7374352331741396	1.219517222290394	0.44023370568084896	-0.1955516736815923	1.3322316530804943	0.7530521200978235	0.7833352076436607	1.1520922824997362	-0.2520152782566521	-1.228696591912807	0.8054953831726673	0.8124896527051839	-0.5640675143427528	-1.471924280463816	-0.06821895291671132	0.5020002277095668	1.4273320209988667
-1.6172782138642594	-0.8914109791323379	-0.15855104061208522	0.4743782077473072	-0.4548960663787234	0.8139953928731677	-0.41967016586694905	0.4941474287058887	0.7653189525183992	0.024752938871487936	0.7145694837387917	-0.3727093495532435	-0.05983264639653031	-0.6930103306243405	-0.7892494494563954	-1.3999008770817218	-1.5956568909939064	-0.35610376666569366	-0.3544441468069912	0.5458271639779143
-1.7903158006187387	0.3616720194779796	-0.45550292602897047	0.5599154700091488	0.7781357852224972	0.927513606636572	-0.3966856445368212	1.0605850464846514	0.12466918371819909	-0.03106555226703	1.0768571451986733	0.11952383981828177	0.5863192894549017	0.7334331791163818	-0.3725225046657927	-1.4824507221483507	-0.6748088982848528	0.045807925851559225	0.109183968150684	1.1022167777251048
0.12353039652136592	0.5222760855465154	-0.7137559558985878	-0.7206979081062654	0.3628055044611797	0.4820230266175276	-0.45652903529384686	0.19603132826554132	0.3006918175880537	-0.7418940469415023	-0.29637866669118135	-0.6828904098978104	-0.245543700461885	-0.5329616735997202	-0.2847137776273668	0.5314090308925222	-0.7564446803040603	-0.2799182352586226	0.13087060095459999	0.8833775375294378
-1.6305716878533463	-0.5214295143333948	-0.06643111562544816	0.23416530103675415	0.6283424211638541	-0.6417120152634741	1.3384333808795088	0.7778894337659865	-0.02564060950509033	-0.21482796827654768	0.5474941967977174	0.13645929402222587	-1.3399154269637252	-1.0756098510349694	-0.3442821786923275	-0.07981588305669189	-1.1123337696664617	-0.4586313578877752	-0.2509812516175943	1.9868251894620232
-1.4970841097441245	0.6142113249004972	-0.3118605378873697	-0.33515909465178734	-0.31494780787124793	0.4319926521314933	-0.2667371329538937	0.9820100486699559	-0.6111736255106001	0.6359942466378331	1.6053931396244305	-0.6530003807121245	0.38562840272578525	0.4123261796680996	-0.7499313026824231	-0.38029051166554345	-0.03413591279165765	-0.48220366599940423	0.7514309420892603	0.9584452801558971
-1.109934678417923	-0.2251414321563997	0.6933411925590787	-0.453208535195358	0.42083520207900665	0.8026023645837465	-0.6584354138986074	0.6178347452743288	-0.5423005636170362	-0.44248090171169246	1.526766921067733	-0.6850836068290084	-0.9040753114370804	-0.3414052171603	-0.5197657686844968	0.3025712509075226	0.28620330290355595	-1.148085794868791	0.7167208339039869	1.8350546567631185
